23022962 146725799913
23023500 146707127604
22990214 146650441646
22990426 146552474985
22978829 146584709754
22998657 146746612359
22996431 146805310355
23004191 146813899992
23033669 147090483777
22990197 146817933707
23016476 147075510425
23176717 149244152367
23194280 150371306077
23169596 150927214277
23159759 150929377845
23194208 151084988623
23175394 150892446189
23206058 151659945034
23203323 151575013158
23185646 151441453547
23185763 151468185296
23212713 151919316640
23224056 152137539430
23271949 153010042457
23273160 153790211220
23223830 153494656628
23243436 153742317175
23196866 153337547963
23193346 153022740922
23232244 153318176009
23263979 153652306341
23241179 153787816151
23196953 153475687106
23203617 153391922704
23242301 153613716374
23223725 153573385141
23197454 153309653983
23194214 152910178975
23197908 152901588216
23168030 152845754335
23189231 153169741565
23188392 153469129933
23196702 153571446310
23233038 153880778528
23223280 153948286522
23252423 154257274531
23321425 154642737027
23328143 154940863382
23274204 154456232692
23290437 154423290230
23263903 154283184170
23310523 154771619144
23319884 154934048936
23299564 154641773542
23282263 154444988870
23289544 154505865784
23292590 154510931663
23291608 154498364682
23293141 154535318838
23329812 154814300242
23434103 156118700828
23360808 155997173592
23365432 156032488325
23385869 156163583054
23378204 156241685236
23368029 156285612008
23313469 155868258692
23339340 155874586861
23311937 155727704968
23300031 155616018777
23293196 155428050797
23328054 155660639132
23341751 155652603473
23346392 155558413078
23359243 155778122168
23380176 156128844475
23387663 156233800969
23377950 156193930377
23386659 156040003549
23361144 155924893836
23339952 155827793435
23336919 155697158118
23319315 155497858575
23329547 155575657072
23329818 155572564353
23337644 155568033425
23332042 155585754613
23320123 155686313591
23330339 155868131422
23341527 155991664077
23359638 155970208327
23349793 155859404821
23341700 155861640890
23318166 155895465041
23327700 155816439172
23356795 156158161645
23357807 156690715120
23390160 157164098614
23399042 157750494752
23357980 157383735685
23312153 156857222246
23313747 156754647771
23321558 156703614308
23349901 157041630375
23342531 157181605386
23367069 157516715760
23379188 157459297670
23358642 157447993819
23350162 157151033626
23338092 156913432653
23330952 156975318144
23313261 157083358826
23308890 157102856492
23322482 157102572874
23319965 157087952026
23337707 157373628537
23341852 157370773136
23370225 157586132004
23366434 157630203724
23337442 157514201469
23347194 157616677844
23376650 157718521685
23378108 157783527744
23398141 157975589903
23416355 158101381669
23398025 157861330098
23369607 157398980498
23358790 157226153082
23274724 156668219463
23205833 156069208416
23194736 155838940577
23234134 156155692052
23235507 156046416406
23189559 155535855293
23180455 155440718465
23132032 154941596235
23121422 154844856628
23147441 155032767624
23148722 154991811437
23142969 154823458993
23129699 154603769241
23151160 154887050572
23181007 155088820457
23216750 155580320810
23197720 155633739997
23197577 155532797795
23179808 155491084028
23216300 155927407026
23214364 156111724691
23216318 156369105380
23214912 156302057357
23199418 156174541355
23197774 156228200413
23197745 155853353141
23185936 155724403559
23176732 155825054107
23160420 155591239444
23152770 155589857941
23161513 155498755021
23149322 155510432275
23169648 155646977245
23162369 155544575930
23168984 155631395602
23180327 155808428943
23162765 155834913735
23169933 156013819302
23153165 155929156647
23150959 155901800897
23150726 155700904514
23120150 155480702218
23074492 154971754106
23045208 154584033486
23073313 154650497708
23063312 154813408599
23016473 154673923524
23047892 154839662518
23045289 154777462037
23039866 154718925671
23019667 154578219586
23002213 154447212678
23009134 154432940334
22989731 154336504403
23008327 154348603698
23009744 154524468388
23020813 154787574997
23096207 155414384799
23076132 155507053993
23068191 155419862374
23047814 155315075354
23049760 155256046097
23037382 155274029189
23075430 155706312197
23105966 156036902580
23058805 155931253319
23102952 156344607741
23074383 156203656617
23056216 155890457388
23020839 155746336051
23017077 155824006190
23010072 155855274292
23010220 155902755047
23012276 155991935661
23026759 156084818852
23019276 156108677553
23046036 156560484211
22732024 162016824042
22786378 163054770536
22833490 165793290267
22796858 167112831459
22740189 167717765501
22607557 165917092488
22655716 166249009410
22692535 166387341216
22719070 166647565681
22764870 167268758941
22748790 167043233848
22719768 166639962991
22727874 166083712952
22732455 166024438601
22702640 165844826692
22710401 165985096960
22713530 166076339193
22748037 166102299129
22757198 166118446527
22766331 166215392749
22794171 166550857700
22803402 166797086035
22816318 167486380689
22783777 167385582118
22793520 167820029240
22778269 167596358143
22803068 167634476802
22796669 167631436098
22788590 167648140639
22776476 167475664889
22768392 166474285532
22767342 166298359519
22730405 166146532370
22750921 166176595889
22748436 166360908854
22738859 166467779323
22765537 166674013502
22750503 166427212782
22741803 166441569885
22776184 166820295886
22830981 167293330809
22862319 167883496245
22834140 167915193628
22841857 167964858720
22848963 167722354535
22832378 167594681746
22852998 167436835111
22859800 167761220011
22840351 167736797906
22880413 167764224517
22870483 167913034009
22869273 167932737327
22909311 168286990518
22944195 168650157692
22957079 168883064606
22981282 169680461741
23027184 171591675567
22890511 171527300360
22851083 171054753841
22833183 170451086818
22826384 170197177581
22822075 170135145071
22814583 169974805096
22793710 169271109618
22788483 169110826418
22776656 169042877199
22757549 168946356571
22795918 169026491053
22776498 169085661977
22778018 169045240630
22777700 169089805870
22787805 169320915352
22805172 169691008612
22789366 169818609764
22789101 169851278303
22787320 169920943825
22780057 169785692894
22787328 169822789467
22778262 169907842699
22795982 170013581527
22822994 170109364874
22767799 169355090194
22750362 168988327697
22751583 169010594852
22777056 169132855336
22813903 169449128391
22840999 169703828363
22794635 168255636781
22740645 167447791517
22729444 167122335991
22730776 167092800688
22733539 167416831392
22777485 167919038767
22748432 167888662716
22724385 167683922901
22711516 167522646288
22740412 167696441027
22733523 167864787596
22751687 168447806667
22729967 168478842894
22715497 168171460203
22704434 167663171644
22711855 168306431004
