23004191 146813899992
23033669 147090483777
23159759 150929377845
23185763 151468185296
23243436 153742317175
23196953 153475687106
23197908 152901588216
23223280 153948286522
23263903 154283184170
23292590 154510931663
23365432 156032488325
23311937 155727704968
23359243 155778122168
23339952 155827793435
23332042 155585754613
23341700 155861640890
23399042 157750494752
23342531 157181605386
23330952 156975318144
23341852 157370773136
23378108 157783527744
23309916 156955687421
23180455 155440718465
23129699 154603769241
23179808 155491084028
23198628 156230001538
23161513 155498755021
23162765 155834913735
23074492 154971754106
23045289 154777462037
23008327 154348603698
23047814 155315075354
23102952 156344607741
23010220 155902755047
22786378 163054770536
22692535 166387341216
22732455 166024438601
22766331 166215392749
22778269 167596358143
22767342 166298359519
22747145 166480441942
22841857 167964858720
22880413 167764224517
22981282 169680461741
22822075 170135145071
22795918 169026491053
22789366 169818609764
22795982 170013581527
22813903 169449128391
22733539 167416831392
22733523 167864787596
22711855 168306431004
