14732 8110
14737 8107
14745 8104
14720 8117
14674 8128
14704 8122
14686 8158
14679 8162
14679 8170
14658 8168
14661 8147
14657 8126
14634 8125
14620 8118
14609 8127
14620 8147
14615 8144
14556 8147
14585 8147
14591 8144
14578 8125
14575 8123
14602 8132
14567 8138
14530 8133
14533 8136
14523 8131
14500 8146
14499 8137
14494 8143
14539 8135
14527 8142
14524 8142
14516 8153
14370 8158
14361 8163
14382 8149
14407 8151
14330 8070
14350 8087
14321 8076
14302 8095
14303 8098
14326 8092
14278 8102
14259 8100
14253 8092
14232 8094
14241 8095
14244 8109
14233 8114
14215 8109
14224 8112
14253 8109
14247 8117
14225 8135
14218 8164
14241 8160
14197 8152
14212 8155
14207 8139
14178 8125
14201 8124
14195 8117
14176 8083
14186 8090
14197 8083
14185 8093
14171 8089
14169 8084
14157 8089
14165 8091
14170 8095
14178 8094
14206 8101
14206 8104
14186 8120
14200 8111
14175 8102
14172 8105
14166 8100
14175 8095
14176 8086
14182 8079
14185 8084
14181 8092
14190 8108
14193 8097
14043 8129
14100 8152
14114 8166
14129 8179
14147 8180
14176 8132
14142 8129
14137 8129
14147 8110
14165 8110
14174 8093
14204 8103
14181 8110
14177 8117
14177 8107
14182 8115
14174 8108
14202 8099
14183 8098
14172 8103
14205 8103
14199 8101
14204 8111
14222 8133
14233 8128
14254 8144
14265 8147
14262 8153
14260 8155
14282 8148
14267 8140
14302 8144
14293 8150
14316 8149
14312 8146
14308 8142
14381 8112
14370 8140
14366 8165
14370 8172
14354 8167
14332 8173
14351 8175
14368 8182
14355 8171
14358 8180
14353 8176
14352 8171
14357 8177
14352 8194
14380 8192
14358 8203
14375 8190
14364 8221
14352 8236
14369 8240
14367 8243
14362 8257
14399 8232
14421 8246
14418 8258
14456 8248
14466 8252
14434 8250
14452 8239
14446 8235
14463 8233
14467 8236
14446 8241
14461 8254
14465 8258
14471 8248
14464 8227
14452 8222
14460 8228
14467 8226
14449 8222
14436 8220
14419 8224
14428 8213
14447 8203
14422 8188
14414 8201
14400 8199
14415 8201
14436 8189
14421 8187
14409 8186
14406 8192
14414 8205
14468 8207
14489 8210
14502 8212
14492 8205
14511 8196
14483 8211
14461 8201
14452 8221
14462 8260
14461 8268
14455 8273
14458 8270
14452 8228
14435 8215
14432 8226
14429 8224
14459 8234
14432 8221
14419 8231
14414 8245
14408 8248
14405 8251
14394 8248
14405 8252
14386 8253
14384 8258
14397 8260
14398 8263
14385 8243
14397 8248
14364 8257
14355 8260
14378 8246
14409 8258
14419 8262
14406 8268
14396 8271
14393 8249
14420 8252
14409 8254
14445 8252
14435 8252
14411 8253
14407 8254
14415 8259
14421 8246
14438 8263
14413 8273
14419 8266
14439 8300
14446 8303
14463 8312
14440 8315
14458 8315
14447 8296
14468 8298
14487 8302
14484 8303
14478 8304
14509 8304
14514 8310
14544 8310
14555 8322
14551 8320
14540 8329
14545 8322
14542 8324
14563 8317
14543 8319
14561 8306
14552 8303
14555 8302
14539 8303
14524 8320
14535 8321
14574 8311
14579 8317
14585 8305
14582 8313
14591 8308
14580 8321
14576 8318
14589 8311
14563 8320
14567 8333
14577 8332
14560 8328
14543 8337
14537 8319
14550 8313
14561 8317
14565 8320
14554 8333
14565 8342
14570 8350
14571 8347
14576 8353
14571 8369
14581 8362
14575 8359
14583 8369
14570 8373
14609 8393
14638 8399
14644 8414
14660 8439
14667 8434
14694 8436
14671 8431
14660 8398
14672 8403
14664 8397
14639 8398
14616 8410
14635 8405
14642 8410
14644 8411
14626 8399
14658 8390
14640 8396
14653 8377
14682 8387
14687 8398
14634 8397
14704 8405
14744 8403
14764 8398
14804 8408
14834 8410
14861 8425
14849 8419
14878 8412
14875 8428
14856 8414
14870 8420
14863 8455
14857 8459
14861 8459
14876 8460
14892 8436
14908 8430
14905 8434
14917 8438
14950 8423
14931 8413
14948 8427
14941 8428
14957 8423
14939 8428
14967 8434
14967 8437
14959 8445
14991 8435
14985 8432
14979 8446
15011 8448
14993 8438
15003 8444
15023 8440
15030 8448
15035 8440
15052 8453
15057 8442
15092 8438
15090 8425
15112 8464
15117 8470
15116 8468
15103 8458
15120 8455
15107 8461
15075 8473
15079 8469
15132 8465
15130 8467
15125 8468
15107 8469
15114 8468
15110 8473
15146 8474
15116 8483
15115 8485
15129 8488
15124 8495
15156 8481
15161 8477
15156 8498
15170 8496
15189 8498
15173 8496
15160 8493
15174 8494
15158 8495
15177 8504
15177 8493
15181 8495
15178 8499
15172 8322
15184 8334
15180 8344
15151 8335
15176 8338
15150 8379
15173 8386
15212 8332
15210 8342
15192 8293
15172 8314
15168 8325
15196 8324
15184 8314
15201 8318
15217 8315
15213 8313
15213 8335
15205 8330
15222 8327
15230 8329
15238 8343
15236 8348
15230 8345
15252 8392
15216 8388
15248 8399
15239 8390
15237 8372
15237 8361
15265 8359
15247 8367
15245 8372
15211 8366
15203 8373
15194 8375
15217 8375
15189 8380
15180 8384
15203 8383
15186 8386
15205 8392
15195 8385
15187 8400
15224 8415
15204 8400
15213 8409
15231 8405
15237 8419
15277 8412
15277 8222
15281 7934
15275 7930
15295 7936
15278 7957
15305 7957
15268 7969
15294 7970
15316 7973
15304 7971
15290 7981
15296 7988
15290 7998
15291 7995
15342 7988
15343 7982
15321 7980
15343 7988
15317 7990
15220 7834
15281 7856
15276 7862
15293 7876
15303 7888
15281 7891
15306 7886
15286 7885
15282 7875
15262 7893
15278 7885
15280 7886
15290 7887
15280 7897
15258 7900
15268 7899
15264 7920
15271 7922
15299 7915
15312 7890
15323 7883
15325 7902
15310 7906
15346 7911
15330 7906
15342 7894
15345 7895
15356 7907
15352 7919
15344 7928
15212 7756
15262 7806
15311 7839
15316 7855
15309 7867
15295 7866
15328 7878
15358 7815
15348 7824
15369 7825
15404 7823
15390 7837
15382 7868
15369 7873
15385 7883
15363 7889
15383 7880
15395 7851
15382 7851
15375 7847
15393 7854
15380 7853
15367 7851
15361 7852
15368 7856
15354 7861
15354 7874
15352 7874
15337 7820
15368 7826
15355 7826
15357 7826
15353 7768
15336 7782
15351 7787
15323 7802
15324 7811
15342 7800
15343 7808
15366 7802
15372 7807
15349 7812
15346 7836
15365 7840
15374 7838
15390 7844
15389 7839
15386 7839
15393 7842
15349 7840
15340 7834
15331 7848
15317 7843
15313 7841
15307 7849
15300 7844
15303 7856
15275 7864
15299 7854
15293 7854
15287 7855
15289 7863
15261 7863
15264 7856
15249 7872
15239 7890
15235 7892
15251 7905
15255 7898
15264 7892
15242 7889
15260 7894
15276 7887
15266 7905
15280 7902
15274 7891
15273 7891
15266 7899
15272 7892
15258 7894
15241 7905
15265 7878
15268 7886
15284 7895
15268 7882
15306 7879
15305 7888
15292 7892
15297 7900
15293 7910
15317 7910
15306 7931
15317 7934
15337 7931
15331 7936
15307 7938
15308 7931
15315 7931
15318 7931
15340 7947
15364 7979
15366 7991
15369 8041
15412 8049
15430 8020
15450 8020
15471 8011
15489 7982
15476 7982
15450 7991
15487 7975
15436 7963
15423 7832
15446 7859
15441 7853
15451 7873
15434 7869
15455 7870
15452 7861
15446 7868
15446 7881
15425 7884
15421 7882
15399 7913
15422 7912
15431 7918
15401 7913
15437 7918
15411 7908
15426 7912
15443 7918
15446 7907
15461 7908
15477 7914
15495 7918
15529 7932
15528 7939
15512 7936
15530 7944
15522 7941
15552 7923
15536 7934
15538 7942
15552 7963
15583 7962
15584 7970
15583 7973
15563 7984
15581 7969
15601 7971
15582 7954
15586 7982
15597 7980
15587 7980
15584 7984
15574 7983
15573 7991
15531 7987
15555 7998
15569 7990
15598 7982
15600 7991
15576 7987
15583 7980
15604 7998
15634 8005
15644 8009
15643 8013
15621 8009
15652 8020
15660 8013
15686 8024
15652 8029
15695 8032
15629 8043
15659 8050
15683 8037
15606 8033
15586 8033
15732 8026
15598 8045
15629 8039
15651 8043
15700 8028
15771 8040
15770 8049
15793 8068
15794 8087
15829 8080
15813 8104
15809 8106
15817 8070
15819 8074
15831 8073
15832 8099
15835 8093
15855 8099
15858 8086
15873 8095
15891 8088
15884 8091
15887 8140
15853 8101
15853 8136
15883 8142
15893 8110
15918 8082
15924 8094
15948 8107
15964 8112
15953 8107
15922 8121
15948 8112
15958 8113
15949 8113
15964 8115
16008 8125
16043 8126
16027 8135
16058 8147
16062 8134
16095 8131
16115 8140
16143 8142
16167 8131
16195 8130
16214 8119
16238 8104
16262 8114
16267 8123
16303 8129
16334 8132
16311 8145
16327 8141
16322 8149
16325 8139
16352 8141
16358 8141
16379 8141
16385 8131
16403 8133
16450 8145
16490 8153
16495 8146
16533 8149
16560 8156
16603 8170
16634 8153
16621 8159
16645 8159
16615 8168
16643 8172
16663 8172
16652 8163
16665 8156
16663 8158
16772 8150
16829 8159
16856 8169
16885 8166
16890 8169
16889 8176
16907 8183
16884 8195
16903 8191
16933 8201
16962 8209
16925 8214
16932 8222
16939 8213
16946 8217
16960 8211
16955 8215
16958 8246
16985 8261
16996 8265
17019 8265
16961 8181
17012 8078
17041 8102
17071 8105
17107 8103
17138 8106
17148 8105
17155 8095
17129 8104
17072 8104
17077 8101
17107 8109
17111 8121
17088 8115
17085 8136
17103 8114
17098 8110
17140 8106
17157 8124
17181 8120
17181 8113
17195 8132
17176 8170
17184 8179
17177 8174
17178 8168
17179 8190
17161 8142
17182 8154
17183 8153
17199 8151
17207 8161
17184 8159
17214 8166
17240 8171
17247 8174
17243 8181
17233 8186
17231 8178
17259 8168
17248 8176
17279 8185
17263 8181
17260 8185
17264 8180
17270 8167
17258 8178
17292 8181
17295 8176
17282 8177
17288 8183
17335 8189
17329 8170
17326 8180
17336 8178
17314 8191
17327 8189
17313 8190
17310 8197
17318 8229
17363 8243
17362 8239
17336 8210
17344 8212
17361 8205
17356 8201
17384 8203
17364 8206
17359 8220
17374 8221
17364 8222
17322 8217
17378 8228
17410 8229
17414 8214
17403 8226
17392 8211
17360 8223
17390 8233
17358 8239
17413 8223
17400 8214
17387 8205
17383 8247
17417 8248
17433 8249
17379 8018
17469 8072
17481 7906
17484 7944
17504 7945
17498 7949
17507 7954
17539 7948
17557 7947
17560 7948
17546 7960
17579 7966
17581 7958
17561 7971
17596 7977
17583 7973
17595 7982
17595 7933
17609 7914
17590 7935
17601 7961
17616 7954
17637 7957
17653 7940
17651 7954
17650 7962
17644 7959
17697 7960
17741 7970
17733 7989
17745 8002
17740 8018
17726 8019
17749 8003
17767 8015
17796 8008
17741 8015
17783 8060
17792 8055
17809 8071
17826 8083
17852 8091
17837 8054
17828 8067
17849 8072
17867 8074
17877 8082
17882 8083
17885 8081
17893 8075
17923 8074
17907 8093
17907 8100
17891 8087
17903 8092
17900 8093
17923 8114
17928 8111
17940 8136
17962 8159
17967 8163
18014 8164
18043 8165
18097 8179
18129 8185
18241 8212
18288 8223
18316 8233
18329 8229
18346 8224
18319 8234
18304 8199
18257 8214
18242 8229
18255 8234
18243 8227
18281 8237
18276 8237
18280 8238
18244 8231
18258 8240
18263 8263
18248 8267
18222 8259
18223 8257
18181 8250
18227 8228
18256 8226
18290 8265
18308 8278
18312 8284
18341 8283
18380 8296
18391 8287
18452 8279
18458 8295
18409 8312
18408 8322
18443 8334
18495 8347
18527 8327
18595 8340
18657 8325
18674 8329
18158 8261
17920 8271
17807 8291
17618 8281
17508 8264
17298 8277
17217 8291
17049 8287
16795 8280
16575 8279
16504 8269
16331 8273
16144 8266
15912 8245
15781 8261
15621 8255
15479 8262
15363 8273
15223 8267
15151 8268
15033 8297
14944 8302
14887 8281
14930 8292
15063 8294
15286 8302
15417 8294
15478 8286
15934 8273
16068 8280
16135 8281
16204 8315
16235 8322
16081 8317
16053 8313
16280 8311
16485 8302
16993 8305
17294 8316
17396 8293
17883 8281
18407 8278
18826 8283
19193 8279
19445 8307
19694 8297
19880 8313
20000 8304
20116 8301
20242 8308
20297 8311
20342 8308
20401 8314
20435 8317
20410 8318
20506 8333
20542 8339
20637 8363
20656 8366
20727 8375
20771 8386
20804 8384
20807 8378
20817 8401
20811 8417
20800 8399
20804 8313
20804 8307
20764 8302
20790 8276
20765 8273
20820 8291
20801 8305
20813 8317
20791 8317
20799 8316
20809 8297
20776 8299
20792 8305
20826 8310
20863 8309
20749 8110
20852 8143
20816 8148
20869 8139
20887 8147
20909 8134
20873 8096
21022 8104
21046 8101
21008 8113
21069 8096
21074 8090
21139 8102
21180 8105
21162 8122
21157 8129
21151 8114
21127 8130
21145 8111
21131 8116
21120 7912
21104 7965
21101 7978
21111 7965
21040 7882
21061 7817
21050 7823
21060 7839
21016 7838
21025 7833
21051 7835
21015 7837
21021 7838
21015 7847
20966 7849
20957 7866
20965 7876
20996 7879
20990 7875
20997 7897
20993 7900
21015 7915
20943 7908
20947 7920
20909 7906
20898 7923
20905 7940
20907 7928
20929 7927
20929 7922
20934 7917
20958 7911
20968 7910
21011 7907
21002 7942
21001 7952
20895 7726
20960 7789
20929 7783
20933 7765
20936 7501
20961 7500
21045 7514
21063 7517
21091 7516
21123 7534
21117 7528
21160 7522
21084 7473
21122 7361
21104 7398
21089 7406
21110 7405
21074 7414
21121 7414
21106 7417
21094 7419
21100 7426
21055 7437
21045 7450
21063 7469
21071 7470
21077 7480
21116 7489
21165 7484
21189 7462
21218 7450
21230 7445
21211 7444
21221 7438
21243 7446
21198 7440
21207 7445
21249 7448
21310 7451
21302 7462
21272 7469
21286 7487
21328 7486
21368 7481
21434 7491
21515 7505
21581 7525
21648 7521
21687 7506
21803 7511
21832 7510
21873 7501
21906 7502
22017 7529
22093 7528
22135 7545
22173 7549
22262 7558
22310 7561
22408 7590
22416 7600
22476 7600
22462 7592
22508 7590
22538 7599
22567 7600
22584 7597
22561 7613
22568 7619
22597 7631
22577 7623
22565 7627
22598 7632
22616 7530
22590 7532
22567 7539
22573 7542
22582 7542
22587 7543
22593 7536
22559 7535
22565 7548
22588 7554
22591 7563
22621 7554
22622 7561
22658 7563
22654 7553
22686 7554
22668 7554
22682 7556
22736 7568
22794 7568
22751 7587
22770 7628
22828 7649
22768 7667
22753 7663
22772 7653
22762 7622
22712 7625
22708 7603
22736 7603
22755 7606
22759 7615
22788 7614
22766 7631
22815 7621
22753 7613
22792 7626
22803 7644
22810 7658
22808 7645
22789 7627
22797 7640
22761 7638
22744 7645
22675 7662
22708 7649
22689 7653
22669 7655
22653 7674
22662 7687
22657 7655
22658 7680
22634 7666
22597 7680
22607 7661
22583 7659
22578 7664
22584 7660
22550 7675
22531 7678
22511 7674
22507 7667
22482 7663
22453 7651
22461 7645
22460 7631
22468 7640
22426 7635
22422 7650
22446 7657
22466 7636
22455 7646
22432 7651
22442 7668
22446 7658
22421 7652
22453 7665
22388 7667
22381 7674
22346 7664
22354 7657
22374 7668
22375 7674
22341 7678
22380 7674
22360 7670
22407 7662
22420 7670
22402 7674
22403 7671
22396 7678
22395 7680
22417 7673
22404 7666
22378 7652
22384 7662
22460 7660
22449 7665
22407 7675
22352 7673
22351 7673
22358 7670
22352 7673
22350 7674
22356 7687
22328 7688
22323 7676
22308 7665
22287 7641
22274 7658
22275 7659
22263 7657
22279 7654
22269 7640
22237 7649
22233 7652
22223 7651
22201 7655
22199 7665
22195 7661
22213 7665
22195 7687
22199 7710
22181 7725
22140 7741
22152 7756
22153 7723
22111 7731
22091 7717
22105 7703
22108 7702
22090 7700
22079 7717
22092 7715
22076 7702
22092 7703
22077 7725
22063 7716
22079 7722
22075 7714
22084 7719
22077 7707
22071 7719
22023 7733
22005 7738
21997 7733
22012 7735
22053 7742
22060 7745
22062 7735
22053 7721
22048 7713
22048 7696
22091 7682
22097 7695
22122 7700
22140 7709
22118 7702
22152 7704
22144 7710
22211 7692
22253 7686
22266 7685
22280 7693
22314 7687
22326 7693
22343 7687
22404 7688
22449 7685
22428 7696
22405 7705
22392 7696
22403 7696
22399 7694
22376 7702
22384 7701
22382 7708
22380 7699
22346 7700
22354 7709
22340 7697
22353 7708
22362 7703
22354 7705
22377 7705
22324 7694
22323 7682
22303 7677
22276 7682
22246 7681
22256 7680
22247 7685
22241 7695
22233 7688
22194 7576
22162 7584
22154 7579
22163 7576
22143 7568
22135 7569
22128 7579
22121 7579
22107 7550
22128 7565
22072 7555
22056 7557
22084 7540
22079 7547
22076 7548
22104 7553
22132 7571
22146 7602
22158 7593
22121 7589
22116 7584
22089 7586
22119 7579
22163 7566
22166 7583
22225 7577
22229 7611
22194 7618
22168 7615
22172 7624
22186 7617
22181 7575
22137 7566
22162 7579
22172 7558
22160 7558
22136 7564
22170 7570
22193 7573
22212 7574
22223 7565
22212 7548
22162 7547
22153 7545
22135 7547
22166 7541
22165 7516
22149 7529
22136 7558
22118 7575
22079 7576
22130 7581
22095 7551
22076 7523
22046 7534
22043 7525
22038 7531
22063 7540
22088 7543
22121 7537
22154 7540
22147 7535
22157 7547
22167 7551
22127 7555
22129 7550
22123 7564
22122 7552
22135 7554
22115 7552
22122 7557
22095 7561
22087 7559
22119 7551
22100 7548
22058 7529
22066 7545
22098 7531
22087 7541
22052 7546
22033 7538
22019 7536
21993 7539
21967 7525
21983 7537
21972 7547
21997 7541
21966 7531
21941 7529
21910 7544
21934 7543
21885 7560
21877 7559
21858 7537
21875 7565
21894 7561
21895 7558
21882 7548
21893 7543
21846 7549
21864 7538
21832 7517
21837 7516
21826 7520
21817 7550
21778 7555
21806 7553
21769 7552
21729 7538
21724 7530
21706 7548
21710 7532
21709 7525
21716 7522
21755 7525
21743 7527
21733 7531
21756 7537
21805 7554
21857 7537
21885 7516
21886 7513
21927 7506
21918 7501
21939 7492
21905 7511
21908 7522
21886 7550
21863 7545
21860 7541
21804 7540
21786 7498
21789 7501
21799 7492
21798 7502
21788 7499
21760 7489
21766 7497
21737 7515
21709 7509
21654 7501
21676 7505
21692 7509
21646 7518
21616 7522
21610 7541
21592 7543
21608 7535
21571 7513
21572 7525
21570 7521
21524 7519
21513 7507
21471 7502
21375 7497
21386 7491
21360 7493
21363 7478
21355 7480
21310 7480
21311 7482
21325 7460
21323 7453
21308 7441
21332 7441
21316 7426
21310 7424
21229 7362
21193 7326
21197 7348
21200 7357
21186 7347
21136 7358
21106 7340
21101 7322
21072 7354
21024 7358
21003 7348
21027 7344
21025 7350
20997 7364
21056 7351
21077 7347
21103 7365
21035 7373
21043 7357
21023 7359
21023 7356
20984 7371
20920 7384
20911 7396
20867 7394
20862 7396
20883 7404
20883 7399
20849 7383
20848 7379
20867 7372
20875 7372
20892 7371
20882 7368
20845 7364
20829 7375
20836 7351
20844 7353
20857 7356
20817 7357
20769 7352
20754 7342
20765 7353
20737 7350
20675 7345
20659 7345
20627 7335
20635 7313
20592 7320
20589 7323
20585 7314
20591 7292
20562 7309
20537 7317
20487 7313
20463 7317
20475 7329
20485 7352
20484 7351
20457 7351
20456 7336
20459 7310
20419 7313
20387 7290
20401 7289
20369 7275
20345 7281
20348 7285
20306 7276
20322 7285
20300 7284
20256 7267
20237 7274
20207 7258
20187 7269
20150 7272
20181 7281
20144 7259
20151 7258
20147 7241
20156 7252
20151 7257
20104 7247
20082 7246
20048 7250
20049 7253
20041 7246
20007 7240
19977 7248
19971 7235
19936 7203
19935 7203
19910 7201
19847 7205
19814 7215
19784 7192
19800 7201
19789 7197
19760 7202
19724 7203
19741 7204
19751 7197
19723 7199
19707 7202
19691 7200
19697 7205
19654 7197
19660 7205
19641 7232
19645 7225
19665 7229
19613 7220
19622 7195
19628 7206
19603 7201
19608 7202
19591 7211
19587 7212
19576 7214
19570 7220
19548 7231
19536 7229
19532 7223
19507 7214
19504 7203
19495 7203
19502 7191
19502 7192
19486 7189
19497 7189
19507 7195
19495 7194
19495 7185
19473 7194
19464 7199
19477 7184
19461 7192
19455 7215
19465 7207
19457 7205
19481 7188
19468 7196
19492 7199
19511 7194
19510 7190
19431 7160
19150 7129
19280 7155
19443 7147
19490 7148
19611 7151
19697 7133
19746 7130
19792 7171
19817 7171
19836 7181
19911 7177
19892 7150
19889 7146
19912 7164
19913 7164
19915 7170
19944 7179
19980 7204
19949 7204
19948 7206
19967 7201
19955 7231
19958 7244
19940 7246
19952 7214
19934 7196
19966 7213
19937 7214
19859 7218
19872 7198
19855 7211
19847 7226
19829 7227
19791 7226
19777 7220
19792 7228
19810 7232
19827 7227
19802 7222
19805 7228
19829 7213
19814 7208
19792 7203
19692 7104
19763 7061
19819 7080
19791 7089
19803 7087
19824 7093
19847 7075
19846 7072
19819 7082
19801 7075
19793 7077
19799 7074
19807 7079
19831 7084
19792 7074
19787 7069
19811 7087
19821 7073
19813 7090
19804 7094
19799 7084
19818 7070
19824 7058
19798 7050
19833 7036
19854 7028
19851 7029
19838 7025
19814 7014
19837 7003
19857 6996
19817 7014
19815 7023
19797 7025
19770 7019
19763 7013
19754 7021
19745 7034
19764 7036
19746 7040
19760 7041
19729 6987
19729 6938
19678 6943
19657 6963
19675 6958
19665 6958
19650 6956
19623 6957
19618 6961
19609 6965
19598 6956
19605 6953
19586 6961
19576 6954
19570 6958
19560 6952
19569 6953
19535 6983
19518 6979
19489 6981
19490 6982
19471 6943
19453 6945
19420 6800
19434 6816
19414 6812
19389 6811
19395 6811
19356 6807
19363 6802
19348 6806
19370 6822
19368 6853
19386 6856
19368 6855
19343 6865
19336 6835
19336 6819
19317 6817
19291 6824
19272 6822
19253 6820
19221 6815
19223 6812
19204 6810
19206 6826
19178 6834
19183 6831
19142 6827
19128 6818
19152 6791
19103 6789
19108 6790
19090 6787
19056 6775
19043 6778
19024 6783
19010 6790
18986 6795
18965 6785
18930 6806
18941 6802
18933 6796
18934 6802
18892 6796
18900 6801
18868 6790
18852 6790
18820 6785
18838 6790
18715 6665
18779 6621
18782 6633
18752 6635
18769 6643
18790 6653
18786 6672
18775 6657
18759 6660
18741 6656
18729 6657
18717 6662
18708 6676
18714 6661
18717 6667
18704 6667
18640 6682
18648 6680
18639 6658
18640 6654
18626 6643
18640 6643
18609 6633
18563 6624
18574 6621
18577 6631
18533 6638
18506 6638
18521 6637
18519 6632
18512 6634
18531 6647
18493 6654
18425 6661
18424 6660
18431 6648
18425 6649
18400 6653
18398 6640
18397 6636
18398 6614
18331 6605
18347 6625
18350 6639
18315 6644
18290 6619
18315 6620
18286 6621
18274 6625
18290 6631
18287 6624
18288 6630
18274 6690
18263 6722
18277 6723
18278 6715
18286 6691
18257 6692
18230 6701
18230 6696
18240 6690
18204 6686
18212 6658
18196 6651
18174 6665
18157 6664
18167 6658
18155 6666
18165 6668
18141 6666
18111 6672
18089 6683
18091 6690
18057 6690
18059 6691
18043 6691
18067 6692
18068 6688
18035 6685
18023 6698
18013 6687
17986 6684
18005 6683
17990 6689
17986 6682
17998 6676
17964 6693
17953 6700
17941 6697
17795 6519
17880 6528
17894 6557
17884 6545
17872 6568
17879 6569
17879 6569
17873 6570
17874 6565
17882 6559
17885 6563
17824 6572
17837 6577
17799 6577
17777 6582
17806 6575
17792 6567
17772 6566
17781 6564
17763 6564
17746 6563
17746 6568
17742 6578
17738 6532
17737 6529
17670 6519
17680 6527
17653 6527
17654 6520
17641 6515
17613 6527
17604 6513
17614 6514
17550 6499
17555 6493
17565 6493
17540 6496
17552 6499
17537 6496
17531 6499
17510 6496
17523 6495
17490 6495
17475 6487
17458 6497
17468 6500
17420 6503
17406 6496
17386 6563
17382 6576
17358 6604
17359 6591
17367 6592
17349 6589
17329 6562
17339 6557
17349 6609
17333 6635
17299 6638
17261 6641
17244 6637
17241 6574
17258 6565
17251 6565
17266 6562
17243 6555
17224 6545
17210 6554
17171 6558
17148 6558
17131 6545
17123 6546
17117 6542
17105 6553
17099 6550
17095 6556
17111 6557
17087 6545
17076 6557
17033 6547
17051 6551
17036 6556
17060 6548
17025 6556
17020 6567
17033 6574
17033 6598
17039 6614
17029 6607
17036 6609
17019 6599
17012 6575
16988 6585
17018 6602
17016 6600
16971 6593
16972 6595
16986 6588
16956 6602
16941 6594
16909 6589
16908 6600
16891 6611
16906 6615
16908 6628
16883 6651
16861 6664
16849 6674
16842 6683
16848 6669
16856 6669
16831 6656
16785 6634
16774 6635
16789 6613
16738 6587
16719 6583
16726 6601
16709 6614
16680 6617
16719 6616
16734 6627
16698 6617
16688 6613
16711 6631
16723 6635
16704 6635
16689 6653
16671 6652
16674 6656
16694 6670
16700 6674
16691 6688
16725 6693
16680 6688
16644 6538
16655 6544
16623 6536
16666 6561
16656 6568
16643 6574
16609 6577
16604 6584
16607 6591
16632 6590
16647 6593
16689 6594
16675 6591
16663 6613
16636 6613
16646 6617
16628 6629
16592 6618
16578 6632
16579 6631
16574 6623
16545 6625
16568 6627
16596 6623
16606 6637
16584 6660
16558 6664
16537 6667
16553 6653
16532 6617
16545 6610
16547 6619
16466 6421
16482 6488
16456 6480
16457 6475
16466 6480
16478 6485
16444 6494
16414 6502
16427 6515
16435 6507
16408 6528
16388 6548
16384 6522
16379 6521
16363 6523
16402 6517
16324 6448
16312 6467
16334 6476
16351 6486
16306 6488
16300 6488
16325 6486
16297 6489
16260 6499
16249 6492
16265 6501
16264 6504
16267 6509
16260 6513
16215 6501
16207 6494
16223 6494
16241 6501
16270 6506
16289 6518
16290 6516
16281 6509
16214 6507
16214 6486
16210 6491
16223 6487
16225 6485
16240 6487
16271 6489
16252 6512
16238 6553
16242 6576
16256 6577
16274 6553
16267 6561
16209 6543
16198 6536
16209 6542
16193 6562
16173 6560
16173 6571
16176 6562
16179 6562
16214 6566
16173 6563
16181 6571
16164 6562
16166 6576
16161 6579
16128 6585
16128 6594
16132 6608
16181 6622
16133 6587
16162 6585
16177 6596
16218 6598
16179 6594
16203 6590
16280 6611
16347 6616
16366 6619
16408 6615
16478 6613
16571 6615
16620 6623
16599 6643
16641 6651
16700 6646
16693 6648
16709 6649
16724 6656
16712 6667
16654 6674
16673 6671
16736 6670
16723 6661
16731 6652
16761 6646
16812 6648
16840 6644
16840 6652
16853 6660
16860 6670
16924 6681
16954 6681
17034 6683
17060 6687
17097 6691
17158 6694
17173 6707
17204 6713
17257 6709
17311 6719
17372 6724
17414 6723
17446 6731
17452 6729
17481 6736
17554 6703
17576 6724
17573 6742
17611 6764
17620 6753
17610 6819
17650 6852
17640 6880
17591 6832
17589 6824
17627 6804
17533 6615
17614 6654
17562 6675
17571 6680
17553 6681
17559 6697
17526 6732
17523 6748
17549 6754
17563 6754
17585 6739
17561 6726
17558 6743
17518 6745
17523 6745
17516 6751
17556 6749
17568 6760
17577 6746
17535 6736
17546 6734
17501 6735
17459 6747
17430 6738
17465 6739
17479 6739
17444 6769
17433 6767
17425 6767
17433 6771
17457 6769
17437 6788
17410 6790
17423 6793
17424 6792
17417 6791
17361 6800
17390 6789
17403 6776
17394 6776
17351 6775
17356 6759
17333 6772
17329 6761
17288 6758
17247 6751
17273 6749
17295 6747
17310 6748
17305 6756
17308 6749
17306 6769
17304 6742
17268 6755
17286 6750
17267 6745
17289 6748
17284 6752
17293 6749
17331 6752
17357 6750
17363 6738
17375 6738
17403 6745
17409 6739
17426 6749
17412 6744
17427 6757
17419 6770
17436 6755
17434 6757
17432 6757
17400 6750
17416 6753
17431 6762
17419 6771
17436 6769
17442 6761
17502 6772
17555 6780
17586 6718
17613 6734
17605 6744
17632 6741
17673 6744
17696 6733
17749 6733
17737 6751
17710 6752
17727 6744
17693 6757
17689 6741
17679 6758
17669 6778
17674 6795
17690 6787
17687 6800
17665 6783
17673 6772
17671 6774
17690 6778
17683 6782
17655 6786
17664 6782
17677 6785
17674 6785
17653 6791
17642 6798
17633 6785
17605 6790
17596 6788
17620 6783
17642 6779
17646 6778
17661 6776
17644 6756
17644 6746
17681 6759
17665 6762
17649 6757
17668 6756
17658 6741
17640 6767
17637 6768
17631 6769
17586 6775
17570 6789
17604 6801
17607 6812
17611 6811
17615 6815
17636 6813
17644 6814
17677 6829
17678 6833
17675 6831
17677 6826
17691 6828
17691 6841
17661 6833
17684 6820
17691 6820
17669 6808
17667 6806
17649 6809
17608 6819
17602 6842
17591 6902
17591 6898
17583 6888
17568 6859
17540 6827
17570 6805
17585 6805
17583 6820
17599 6817
17624 6816
17611 6810
17601 6810
17599 6810
17590 6792
17577 6806
17619 6801
17630 6810
17596 6814
17598 6802
17596 6792
17598 6792
17638 6787
17641 6783
17655 6773
17619 6777
17618 6766
17641 6773
17658 6776
17632 6775
17664 6795
17664 6812
17639 6814
17666 6839
17657 6852
17644 6857
17646 6868
17626 6867
17659 6858
17640 6860
17616 6865
17609 6863
17615 6856
17618 6865
17636 6862
17630 6864
17629 6863
17621 6881
17620 6868
17618 6862
17651 6864
17651 6858
17640 6859
17663 6858
17675 6850
17670 6836
17690 6851
17698 6854
17691 6860
17669 6847
17667 6857
17704 6837
17675 6848
17687 6858
17698 6859
17708 6854
17694 6852
17674 6850
17660 6849
17681 6857
17683 6856
17665 6858
17653 6859
17644 6852
17668 6861
17654 6858
17676 6866
17694 6858
17716 6872
17744 6864
17755 6868
17749 6864
17763 6871
17778 6858
17757 6864
17754 6859
17782 6871
17755 6876
17762 6867
17772 6876
17735 6872
17725 6880
17733 6888
17695 6885
17708 6893
17749 6886
17749 6884
17750 6886
17723 6895
17698 6874
17723 6879
17726 6885
17725 6910
17725 6909
17715 6910
17734 6907
17712 6909
17734 6910
17717 6915
17692 6915
17739 6924
17729 6955
17764 6952
17800 6962
17838 6962
17859 6943
17867 6925
17865 6944
17842 6904
17899 6932
17897 6941
17907 6932
17869 6928
17901 6909
17903 6911
17882 6920
17922 6919
17923 6931
17900 6938
17895 6938
17898 6934
17906 6928
17886 6941
17897 6945
17875 6952
17875 6944
17858 6947
17848 6953
17863 6958
17873 6969
17858 6960
17899 6959
17911 6952
17888 6963
17901 6949
17918 6946
17922 6956
17934 6952
17940 6968
17950 6973
17985 6976
17972 6969
17937 6975
17941 6965
17946 6971
17963 6984
18006 6982
18010 6982
18026 6982
18033 6982
17980 6981
18006 6987
18034 6999
18059 7001
18031 6992
18008 6975
18082 6976
18088 6974
18081 6989
18098 6972
18099 6955
18091 6965
18067 6969
18053 6952
18066 6968
18025 6976
18056 6987
18042 6981
18033 6974
18033 6963
17992 6975
17958 6966
17994 6959
18023 6955
18033 6959
18063 6957
18070 6955
18053 6954
18042 6947
18073 6961
18077 6951
18097 6960
18087 6951
18072 6963
18068 6979
18086 7053
18116 7064
18106 7067
18112 7079
18155 7098
18118 7105
18153 7106
18170 7110
18211 7106
18232 7131
18274 7146
18309 7163
18294 7145
18376 7142
18367 7129
18397 7125
18380 7140
18378 7139
18359 7133
18362 7128
18370 7129
18368 7134
18393 7141
18357 7148
18355 7169
18378 7170
18367 7172
18326 7165
18335 7159
18304 7155
18300 7151
18311 7148
18343 7141
18301 7143
18330 7175
18309 7193
18320 7199
18308 7184
18344 7146
18359 7168
18359 7176
18399 7184
18356 7176
18397 7196
18404 7199
18419 7205
18430 7209
18416 7215
18426 7207
18431 7204
18448 7196
18423 7211
18390 7218
18376 7223
18382 7210
18416 7200
18400 7188
18441 7192
18387 7185
18338 7193
18375 7193
18352 7179
18328 7184
18328 7184
18322 7192
18299 7197
18314 7178
18320 7169
18316 7186
18344 7187
18329 7185
18346 7202
18368 7203
18395 7202
18371 7199
18356 7201
18318 7191
18312 7192
18282 7199
18314 7203
18366 7202
18363 7210
18331 7209
18332 7198
18350 7193
18369 7187
18367 7182
18400 7204
18445 7198
18487 7200
18497 7195
18546 7211
18577 7215
18540 7228
18511 7229
18494 7222
18495 7252
18522 7248
18518 7257
18552 7246
18580 7235
18576 7228
18570 7222
18573 7225
18568 7216
18558 7220
18579 7231
18534 7226
18520 7235
18524 7241
18558 7235
18563 7243
18562 7250
18565 7245
18556 7247
18556 7243
18590 7248
18529 7242
18571 7244
18595 7247
18614 7237
18563 7244
18551 7233
18540 7240
18542 7225
18540 7233
18583 7235
18582 7240
18593 7239
18611 7248
18566 7261
18590 7259
18579 7247
18570 7244
18555 7244
18571 7245
18561 7261
18613 7258
18601 7257
18621 7263
18643 7269
18627 7268
18659 7266
18666 7264
18698 7270
18707 7277
18725 7269
18741 7288
18790 7278
18848 7272
18821 7283
18866 7278
18873 7283
18862 7274
18880 7284
18881 7265
18855 7271
18885 7267
18897 7260
18866 7253
18875 7266
18868 7268
18839 7269
18884 7275
18859 7276
18854 7286
18831 7317
18847 7280
18835 7276
18832 7276
18859 7271
18863 7273
18864 7282
18921 7283
18934 7270
18968 7287
18999 7273
19033 7293
19019 7302
19016 7301
19057 7302
19054 7327
19082 7330
19071 7354
19067 7352
19093 7347
19103 7339
19058 7318
19105 7325
19134 7324
19150 7321
19146 7327
19136 7329
19163 7312
19145 7320
19160 7325
19156 7338
19155 7331
19168 7343
19147 7344
19112 7335
19183 7345
19160 7331
19147 7337
19168 7341
19189 7331
19172 7338
19186 7338
19174 7333
19143 7330
19157 7344
19136 7354
19133 7359
19136 7343
19157 7333
19174 7343
19238 7335
19223 7331
19254 7315
19239 7318
19240 7319
19263 7325
19282 7325
19254 7324
19266 7329
19295 7339
19312 7346
19278 7351
19263 7343
19306 7347
19317 7350
19359 7355
19359 7371
19386 7360
19414 7370
19438 7368
19447 7369
19443 7369
19490 7378
19525 7386
19566 7383
19557 7394
19569 7396
19588 7394
19597 7398
19642 7406
19626 7401
19645 7410
19704 7395
19693 7417
19709 7415
19695 7423
19727 7395
19722 7385
19713 7387
19702 7396
19688 7373
19728 7384
19740 7410
19750 7420
19730 7419
19725 7425
19752 7442
19763 7420
19762 7420
19734 7423
19738 7452
19761 7450
19747 7464
19732 7463
19713 7451
19687 7477
19682 7438
19713 7450
19729 7446
19712 7454
19721 7454
19786 7464
19767 7454
19763 7455
19810 7459
19849 7465
19876 7468
19887 7461
19914 7457
19928 7462
19966 7456
19934 7454
19939 7452
19967 7432
19963 7439
19980 7446
19991 7454
20014 7442
19971 7448
19966 7451
19967 7455
20005 7448
20006 7459
20028 7461
19992 7452
19997 7457
19981 7453
19992 7449
19987 7435
19997 7454
19997 7464
19987 7477
19992 7475
19990 7463
19967 7471
20001 7474
19964 7485
19957 7484
19948 7482
19975 7471
19935 7478
19942 7481
19922 7497
19937 7503
19957 7506
19956 7506
19970 7513
19957 7514
19937 7514
19951 7522
19974 7530
19977 7524
19975 7542
19962 7535
19962 7531
20000 7555
19998 7544
19987 7558
20002 7567
20026 7545
20000 7515
20038 7507
20016 7524
20087 7519
20100 7516
20161 7517
20163 7524
20167 7522
20192 7530
